function n_idx = get_material_index(lambda_um)
wavelength=[401	402	403	404	405	406	407	408	409	410	411	412	413	414	415	416	417	418	419	420	421	422	423	424	425	426	427	428	429	430	431	432	433	434	435	436	437	438	439	440	441	442	443	444	445	446	447	448	449	450	451	452	453	454	455	456	457	458	459	460	461	462	463	464	465	466	467	468	469	470	471	472	473	474	475	476	477	478	479	480	481	482	483	484	485	486	487	488	489	490	491	492	493	494	495	496	497	498	499	500	501	502	503	504	505	506	507	508	509	510	511	512	513	514	515	516	517	518	519	520	521	522	523	524	525	526	527	528	529	530	531	532	533	534	535	536	537	538	539	540	541	542	543	544	545	546	547	548	549	550	551	552	553	554	555	556	557	558	559	560	561	562	563	564	565	566	567	568	569	570	571	572	573	574	575	576	577	578	579	580	581	582	583	584	585	586	587	588	589	590	591	592	593	594	595	596	597	598	599	600	601	602	603	604	605	606	607	608	609	610	611	612	613	614	615	616	617	618	619	620	621	622	623	624	625	626	627	628	629	630	631	632	633	634	635	636	637	638	639	640	641	642	643	644	645	646	647	648	649	650	651	652	653	654	655	656	657	658	659	660	661	662	663	664	665	666	667	668	669	670	671	672	673	674	675	676	677	678	679	680	681	682	683	684	685	686	687	688	689	690	691	692	693	694	695	696	697	698	699	700	701	702	703	704	705	706	707	708	709	710	711	712	713	714	715	716	717	718	719	720	721	722	723	724	725	726	727	728	729	730	731	732	733	734	735	736	737	738	739	740	741	742	743	744	745	746	747	748	749	750	751	752	753	754	755	756	757	758	759	760	761	762	763	764	765	766	767	768	769	770	771	772	773	774	775	776	777	778	779	780	781	782	783	784	785	786	787	788	789	790	791	792	793	794	795	796	797	798	799	800	801	802	803	804	805	806	807	808	809	810	811	812	813	814	815	816	817	818	819	820	821	822	823	824	825	826	827	828	829	830	831	832	833	834	835	836	837	838	839	840	841	842	843	844	845	846	847	848	849	850	851	852	853	854	855	856	857	858	859	860	861	862	863	864	865	866	867	868	869	870	871	872	873	874	875	876	877	878	879	880	881	882	883	884	885	886	887	888	889	890	891	892	893	894	895	896	897	898	899	900	901	902	903	904	905	906	907	908	909	910	911	912	913	914	915	916	917	918	919	920	921	922	923	924	925	926	927	928	929	930	931	932	933	934	935	936	937	938	939	940	941	942	943	944	945	946	947	948	949	950	951	952	953	954	955	956	957	958	959	960	961	962	963	964	965	966	967	968	969	970	971	972	973	974	975	976	977	978	979	980	981	982	983	984	985	986	987	988	989	990	991	992	993	994	995	996	997	998	999	1000	1.002500000000000e+03	1005	1.007500000000000e+03	1010	1.012500000000000e+03	1015	1.017500000000000e+03	1020	1.022500000000000e+03	1025	1.027500000000000e+03	1030	1.032500000000000e+03	1035	1.037500000000000e+03	1040	1.042500000000000e+03	1045	1.047500000000000e+03	1050	1.052500000000000e+03	1055	1.057500000000000e+03	1060	1.062500000000000e+03	1065	1.067500000000000e+03	1070	1.072500000000000e+03	1075	1.077500000000000e+03	1080	1.082500000000000e+03	1085	1.087500000000000e+03	1090	1.092500000000000e+03	1095	1.097500000000000e+03	1100	1.102500000000000e+03	1105	1.107500000000000e+03	1110	1.112500000000000e+03	1115	1.117500000000000e+03	1120	1.122500000000000e+03	1125	1.127500000000000e+03	1130	1.132500000000000e+03	1135	1.137500000000000e+03	1140	1.142500000000000e+03	1145	1.147500000000000e+03	1150	1.152500000000000e+03	1155	1.157500000000000e+03	1160	1.162500000000000e+03	1165	1.167500000000000e+03	1170	1.172500000000000e+03	1175	1.177500000000000e+03	1180	1.182500000000000e+03	1185	1.187500000000000e+03	1190	1.192500000000000e+03	1195	1.197500000000000e+03	1200	1.202500000000000e+03	1205	1.207500000000000e+03	1210	1.212500000000000e+03	1215	1.217500000000000e+03	1220	1.222500000000000e+03	1225	1.227500000000000e+03	1230	1.232500000000000e+03	1235	1.237500000000000e+03	1240	1.242500000000000e+03	1245	1.247500000000000e+03	1250	1.252500000000000e+03	1255	1.257500000000000e+03	1260	1.262500000000000e+03	1265	1.267500000000000e+03	1270	1.272500000000000e+03	1275	1.277500000000000e+03	1280	1.282500000000000e+03	1285	1.287500000000000e+03	1290	1.292500000000000e+03	1295	1.297500000000000e+03	1300	1.302500000000000e+03	1305	1.307500000000000e+03	1310	1.312500000000000e+03	1315	1.317500000000000e+03	1320	1.322500000000000e+03	1325	1.327500000000000e+03	1330	1.332500000000000e+03	1335	1.337500000000000e+03	1340	1.342500000000000e+03	1345	1.347500000000000e+03	1350	1.352500000000000e+03	1355	1.357500000000000e+03	1360	1.362500000000000e+03	1365	1.367500000000000e+03	1370	1.372500000000000e+03	1375	1.377500000000000e+03	1380	1.382500000000000e+03	1385	1.387500000000000e+03	1390	1.392500000000000e+03	1395	1.397500000000000e+03	1400	1.402500000000000e+03	1405	1.407500000000000e+03	1410	1.412500000000000e+03	1415	1.417500000000000e+03	1420	1.422500000000000e+03	1425	1.427500000000000e+03	1430	1.432500000000000e+03	1435	1.437500000000000e+03	1440	1.442500000000000e+03	1445	1.447500000000000e+03	1450	1.452500000000000e+03	1455	1.457500000000000e+03	1460	1.462500000000000e+03	1465	1.467500000000000e+03	1470	1.472500000000000e+03	1475	1.477500000000000e+03	1480	1.482500000000000e+03	1485	1.487500000000000e+03	1490	1.492500000000000e+03	1495	1.497500000000000e+03	1500	1.502500000000000e+03	1505	1.507500000000000e+03	1510	1.512500000000000e+03	1515	1.517500000000000e+03	1520	1.522500000000000e+03	1525	1.527500000000000e+03	1530	1.532500000000000e+03	1535	1.537500000000000e+03	1540	1.542500000000000e+03	1545	1.547500000000000e+03	1550	1.552500000000000e+03	1555	1.557500000000000e+03	1560	1.562500000000000e+03	1565	1.567500000000000e+03	1570	1.572500000000000e+03	1575	1.577500000000000e+03	1580	1.582500000000000e+03	1585	1.587500000000000e+03	1590	1.592500000000000e+03	1595	1.597500000000000e+03	1600	1.602500000000000e+03	1605	1.607500000000000e+03	1610	1.612500000000000e+03	1615	1.617500000000000e+03	1620	1.622500000000000e+03	1625	1.627500000000000e+03	1630	1.632500000000000e+03	1635	1.637500000000000e+03	1640	1.642500000000000e+03	1645	1.647500000000000e+03	1650	1.652500000000000e+03	1655	1.657500000000000e+03	1660	1.662500000000000e+03	1665	1.667500000000000e+03	1670	1.672500000000000e+03	1675	1.677500000000000e+03	1680	1.682500000000000e+03	1685	1.687500000000000e+03	1690]';
